19.365051175333022
16.785218164141295
15.043525521999253
16.89151551226532
17.2118724588537
15.447839391062626
20.64248976794829
16.401250527109262
15.363459462060174
19.899031954426373
11.93983186855621
14.592567481674203
10.483987808913984
11.943461625767338
19.48964631408491
17.10486530962973
15.82103738114869
12.484734191695823
17.332063631602622
12.984122125554393
13.247671818555276
12.646113676399004
15.29343287851336
15.24960141897682
13.920736134351621
13.599068233074718
13.353675435599575
15.198314544804784
13.158466307659097
19.235161322916653
15.518876606608082
14.148655249415668
13.706903500667142
12.412122765820508
17.524166856939146
12.78541610189896
16.884858524662633
13.04587420268459
14.166680844098714
10.089164337013212
11.661564244700386
16.116637858431442
16.066056809156873
14.892709565398306
11.395141328448625
14.830927342163122
12.21995056675423
14.696537535898983
16.292701568437707
9.631329638097657
18.821176600201895
17.128813853466262
17.229596358319228
11.85085885477006
14.301711940297288
16.097017370832173
12.826535596244561
14.669060631523475
20.662442332582867
15.623528758936251
12.384402788188604
17.787045554212355
16.339245099754404
15.827596826071415
9.396418123081624
12.755069376532852
17.938280796532474
13.186165565337213
13.185831778948316
10.201292366091746
15.906165386535987
20.00393908044215
14.341028408319541
15.409772569602474
15.534921041431158
16.087092201067676
12.419244997261643
14.04209418797458
14.684932729961883
16.592842858678594
14.56382178322141
9.770088378993403
15.782752765198154
17.884356345436
15.157611231329138
16.061355540364424
14.906999873965246
15.954130174759218
12.194822676756523
14.802170192933177
14.873214475855761
11.849389962029475
15.370268630771909
15.815218580378103
15.458929103492574
18.94992639891417
12.150410620944793
15.282766437295193
18.499224495403418
16.23205820025875
16.195524232856073
18.776257174177182
17.188057940319815
17.41741469538517
11.72876930680971
15.460715441337246
15.55588468543145
15.743835493868438
19.11031217539273
16.787747149177573
14.751667218302131
13.63084677232366
12.665306210865559
15.113652080496308
16.47719758814804
12.770265551949095
13.088222618546286
17.70099171509927
16.34413767667919
14.38338286836569
15.747053876123429
16.584262250343574
11.154901653309304
16.023478785541432
17.62070613391591
10.5752134080665
15.36717330738734
14.873575967715421
15.751904563207544
15.554454996547268
12.525937181720789
16.660586745114216
16.340278983021438
17.05598511453632
15.297010949947849
17.34902923615906
15.102090909194775
15.925675256049626
8.504540225727357
15.058457245809292
16.23863911442799
14.056145181181307
18.893308188995146
13.877017645294536
10.957901546439857
13.615270783718898
12.024249208932012
9.669969624498087
14.102219270482838
16.151879610610496
12.691016832459965
11.666271769291047
13.390994188860708
14.400193619467617
15.11117421166098
15.740266361844057
13.648574367072598
16.103790615585254
15.904578658075755
11.451024611181053
12.193699504949805
17.859596978246113
15.04034109810834
13.093597961543251
16.014895795824007
12.497861172560803
15.882733179205752
12.869009080337078
17.6998039873237
13.751562829042483
14.245851576776518
18.377768754318986
15.256299606620605
11.765442017542364
11.485208195563587
12.928227883337254
14.013511252928934
16.248086605109314
14.053159548929752
15.135948029418527
14.316094644224771
15.255056396397537
12.474034693617302
13.316939006549543
12.550987106092471
14.075344080039919
18.660959294725814
14.412453059562642
15.6323404460266
12.80087091650644
12.560664894682752
10.943008097670738
13.954419143525257
15.711965273327845
15.626501780275488
14.0500919257256
14.600908322609447
15.720617409777251
14.896156555670029
16.50686391089971
18.37351858928313
14.67216905318637
14.23149784606869
13.619929490565678
16.490749441694298
20.227940749150356
7.599403802509181
14.983467404389515
10.578398044272028
14.518658409811021
17.185629876463096
16.649367118271023
13.857295581029554
13.914367056127317
18.937687762123897
14.616801074218095
13.621952960489283
14.756670146113626
23.440654137529382
11.611338488910373
12.97401993636366
14.885930963906029
15.037655928091368
11.192862137320557
10.657795291453185
14.68875654600164
11.90241787807343
12.053452832788672
17.670756716079687
13.682585320806188
11.726543192164664
17.4458136320646
15.29858292773264
13.933722379096432
15.27497071601698
13.44515667895298
15.75438102637317
14.621654621580024
14.139667274927021
16.846419157095426
13.802958245260843
15.609961639557584
16.022833566428496
15.68017623511942
14.73055692457712
13.669002424801572
16.302771536561977
13.552366458657659
17.86960684776764
13.813219792616007
18.78495328928686
13.26264066832508
16.772333052878416
15.523306078826423
14.59836564647826
16.56719753643157
15.086808212576464
16.61869435185547
13.101917757150215
12.33148191420755
12.963759048289491
15.153475458124802
13.78014423790772
13.538256731303509
14.575004810213276
17.65072198143701
16.34369196053334
19.867698244240703
16.79978467866501
11.352140706024997
15.17591875523056
18.04711680957798
16.188562324983586
15.247113497426444
12.72964056463165
19.471322563396786
16.747812484219374
11.879038116125365
15.372160851760183
17.08744165028798
14.548469600123198
16.572604086306065
17.83340592392316
18.49097276870006
15.99994668068193
14.8719698304234
16.25711606447476
13.014663861877086
13.066915872132823
14.613017959556906
14.918233308095008
12.922256081338286
13.114918671702085
16.002096811006865
14.403053016924986
19.979737133044384
15.209858161502652
18.674422539824945
15.652379693438183
15.897607687018889
15.999153020104755
16.469580974408114
14.669416619036182
12.274952089918408
18.36015954212632
15.417409100558094
14.601803145448851
15.821631179731847
11.768774430748222
16.015358396057547
16.137840456348613
17.217548209515176
15.426352998663209
18.23886202625718
10.390302493586564
10.458913484649582
15.423992929929655
16.864133267051866
18.059388697524618
17.504670484118247
14.198567365601061
9.741820642677533
14.673222303362179
11.481478525813982
18.266538482478296
14.874089496480194
17.014846774606486
12.624882482624571
13.758597732376863
15.332498168486024
13.678757675798622
12.444832110690866
18.969194652765783
12.248504374179479
13.675080636397672
16.238218214962817
17.789566170071687
15.894398778169306
12.655858679588546
18.278913254916315
16.120448907457707
15.504875701929867
12.792108111676011
17.078292593331582
22.812829070402184
16.287427558329345
12.756041060511984
13.289382036227748
12.932031358866796
14.686956673476448
17.920043231901403
14.787979490518284
11.353410374740712
17.261561479633315
16.350895306507024
13.000416925862277
17.1132941037856
16.175217893402234
15.905225758640846
15.458366938267849
18.334332027960773
13.873734275705914
13.361847472780365
14.97084205108047
12.337036044587986
16.91833453675728
16.31660901288999
14.13965190369855
17.200701954215923
11.41623431241392
12.893681243230343
15.01648153231679
17.264034545333736
10.921662100929959
12.751397626626355
14.326516671585342
17.154483168625497
17.07316400123358
15.081217274846132
9.238274154503895
12.763536035884124
13.296983312568983
13.58669502867328
14.413070954957812
11.15684836623877
15.530842523891835
16.58863398089605
16.869886068079754
11.924313834929345
14.274014696852436
16.83036901228998
18.389951839872268
13.668315185917804
14.930848380782255
18.383541184970078
11.066077004960494
11.604252003620585
16.23900759924911
15.04202974910726
11.823728218623357
15.127689846851052
16.15843264504818
15.416465719536909
15.859127697946953
16.69030235181091
11.686849870495505
16.390031279763598
13.650673308992857
11.471616405100862
16.321487769604822
9.815360873665844
15.183452965174112
12.34436481269286
12.982319173105575
14.452375386935337
17.891043765747867
15.471680637884464
12.745310851162122
13.143536529536204
13.70899331305944
16.311909925951202
15.982132564787843
11.925304604707671
13.533824160645755
16.65006226002845
16.38337440336824
15.927522850982038
13.843217441272827
15.32112687400003
14.844522255171935
14.256144776337536
14.252093497974057
14.12079627310131
14.400234570373316
17.391296548791786
14.027912051594564
14.179601144421278
15.511299827958817
20.90224184426225
13.646771989066611
9.286693517431303
17.64606522753185
16.199983313974585
17.838411661064107
14.601329470208906
14.887714522739412
15.255918824742498
21.021701268690165
15.806524107010116
13.732255292270095
11.992687817755389
16.5873817542584
12.160693972491663
14.416984359246063
15.629553223360546
12.816015988572547
20.875974451393766
17.28382545740378
17.755855511290854
14.958859174120356
16.854123849788675
16.220213073017657
10.966791504966878
15.577237735473892
16.431703814464772
13.667832923287403
14.457178014712317
12.838298523614725
16.53362618949557
13.888884467856608
15.607768901972484
20.86225904379882
17.19614787345532
15.109772489426504
15.756776607144918
12.098246640193155
15.530243331484687
12.690464430000985
14.117612914452398
14.195611996881945
14.197232579844119
12.887367106015219
11.400089661896477
16.00755384238872
17.79707246912053
18.540362556299538
13.197792394222008
13.553233382457341
13.996089353057828
18.33634307377916
14.969880756563267
15.495168286289982
18.067804101280885
12.97242382699203
15.65637887067723
14.1396323865575
17.75066675746494
20.094898560461637
16.15183774913344
14.496223833062512
16.264507605738356
14.778661577238015
18.073828142300393
15.912761715310777
16.78188707540215
17.078645901655406
16.46055483442474
15.712273013709417
14.895130909256242
20.173795234209884
12.534145569075354
16.72259554158321
17.508041228021064
16.77363234773719
17.924386476119682
14.822442758500339
13.887419536576422
16.515993733077806
17.86676062128082
17.732980267429415
15.800870102012317
13.252815830238626
12.5764645584859
14.632881694055015
14.581922575646482
13.462132920884768
13.945166712803314
13.453184038073985
13.88140490914717
20.580083274075548
20.07870274308384
17.329891234508374
12.113610979660654
18.8240925672512
16.153512272588713
18.389815617455007
19.29375271826208
13.815652898891912
17.270593560375428
13.105207816271713
15.377591322895164
11.472133553777242
14.168835975252387
16.528273514102473
12.264533608987936
13.224827423252087
16.736139180015726
19.337512583325456
12.501541012461676
12.702409546229719
15.106174241400685
14.546669607215597
16.146485384141315
18.555612307461153
12.634177215291903
16.372686289599294
14.606315450244406
12.475716371159042
18.06661219418715
14.345739440179372
16.11938327375182
15.807117067668198
14.600076450629365
15.337425346042778
20.528034524083107
16.588512535793416
15.147856978161116
11.52580376539132
18.755251379068273
15.357008395925797
17.16562379384323
17.658672522455728
18.25379544910185
13.66453254243931
20.047031432282147
14.704985906193421
13.875951543166494
19.704296755350203
17.47904022629402
12.185357874129872
15.02574435339068
17.322140818647533
14.116720127293572
15.107891213416181
10.050925890034542
13.586581722572152
12.742565347689851
15.89081913567987
13.991524015969697
11.47077061970355
15.64029300546975
13.31288687187546
12.936165110662415
17.3282976368774
15.653098411823452
15.775951878232773
12.917139631499271
15.72268013919732
15.547574271784715
16.730105645208717
14.017618093349181
14.077836721266078
13.65444868655581
15.856820489202175
14.56767084744715
13.111117886377283
12.628401675329998
16.036237285406877
11.343875141771507
15.945802469786457
14.571573258803532
13.447805726093481
15.906053589816139
14.308798188899987
15.043309801732711
17.951320701189672
13.028738657240071
13.412534641287486
17.2473187090863
17.19372950326283
14.18568608041211
11.778984185777812
17.453153575415598
15.909706443044682
17.1792989846722
12.685183578945374
20.571909240407603
13.845925412687375
18.78649440569956
18.412398979163957
10.107329458387905
15.273557111374084
14.728868614645588
16.153272757239453
15.617241610334816
14.682016794787545
15.28673581299524
15.291570064860911
14.061572435838421
16.38370609613572
11.835797733765423
17.605511560497323
12.196755644148109
11.254461719687864
9.638647711103584
14.221670021142288
16.918021264578822
12.841591679939178
12.545743664907894
16.956581199478357
14.213120276027825
14.606336489777485
10.545680283665998
14.661705747420296
11.021054259987046
22.2749793819073
17.540181354853107
16.086804604380827
15.765853638325353
15.644189114360934
15.912268524012108
12.75640518525524
13.464607097900469
15.268274688908578
14.943182774302237
12.224107667851708
17.32780856694124
15.184840010631417
14.7143915536203
17.95733573860739
20.931120114504836
17.158611894397996
18.78292280190653
17.620240926716946
14.140017741580662
16.753025216948544
14.63479513050881
14.26035109939619
15.04032293935818
12.240747802039799
16.489467593005756
14.770545822011552
21.26503913120482
13.700170565723626
16.37047342473106
10.257235575917726
17.06404903286767
15.949737038950907
8.317134840900806
9.987456966855317
17.57522640813491
16.591767265222806
12.922751912467838
18.543959196475292
17.96155740313127
15.666557940294155
11.928866868144379
13.82540173545609
14.97606111934228
13.104743189397139
12.767366822927338
12.878851632854397
20.002865041345075
13.186057332457857
14.00178557578977
16.924447777407423
12.475529520979256
14.402550277363437
19.576869567632954
19.285685071534388
14.878348326649897
14.056440825326323
14.130454585160017
14.838697567491534
12.813284874318464
16.03777923378185
15.46021795921944
13.311546988377305
15.823233969974254
12.497777602974875
12.933009844230437
15.101123157302304
12.105179910246136
15.844621389874952
18.542114636532823
14.627810014899952
18.887804562588453
15.670730385996404
10.586960486511682
13.268645136209667
11.193411303333573
18.154709340003677
15.762137636935396
13.405958695658393
17.408209944852093
11.008722591574474
18.809138230583727
13.862088936993793
16.665549252171648
15.39358354873096
16.550611687602185
15.687014692881533
23.016083864013854
12.585179215910776
12.63971215890848
12.838947956674893
14.151033387436904
14.31402375286114
19.046793387657107
18.70851909761368
13.49927890985837
17.291470135318807
11.716317890369151
14.02716979720616
14.734561592800478
13.343357979744217
19.428792353139272
17.89133004863219
12.438677975512128
16.507322473034264
14.862936843872433
11.044298162724136
13.138340487834945
13.825495262674288
15.563455529993472
14.566980247264894
15.707669634929518
13.487693528482916
15.145824286703814
16.390158939478734
16.019219560428954
16.960578447269704
15.772173280769783
11.356966800172035
12.718340823016627
19.544739873504618
14.29229325801712
13.010971163251355
14.758592783988494
16.340284407506203
13.991023279408862
14.774442212151904
16.618575989060904
10.887588443372806
16.230790980490188
15.319763320668706
12.348331946410129
14.26736016492184
16.62029331323175
15.835360919973256
14.725547255344386
16.30105255556387
17.410833541263557
13.848525384606283
13.26250150605275
12.2365532201788
14.728157329344256
15.190772405169344
16.758203596406535
17.471987508006958
11.842977651686722
13.633860288099198
20.76141907659739
14.714782596959006
14.710582227926338
15.883112173722104
13.351066053049422
13.108779315479042
13.948043309831684
16.044520176281075
14.827169097888655
13.434441456603574
13.209534726206495
16.20058673774815
14.368691496723113
16.016852898751054
17.84554695208704
14.113846311620373
12.713919245527057
12.721203455585943
10.832039924591303
12.59138407682196
12.849909586204582
15.556239523934089
13.101341630757323
15.758990812983944
16.41446360467032
15.578263905134284
12.85670923591574
16.154605019795515
12.94788935155309
12.278548002499928
13.13297438218074
15.881433222190392
11.392482712894395
16.517584674772746
12.155428727892104
16.6519917587638
11.456648490968755
15.006106851077913
12.736008977593853
14.219167966326044
12.589570279181604
16.64188956633704
13.63427928771756
12.150227595540692
12.34714550435051
15.25334195351638
15.046354732944637
9.145313061608745
14.981459543830296
15.227235507458905
17.174753736631605
16.080955919493668
19.56990299167285
20.069135928115422
15.991612647648289
12.052536496533255
13.85649698799334
10.867691451283436
14.464865397204
17.045970182446325
12.58596723855279
14.518533449510578
15.767894439711887
11.507040956024412
18.421642713285422
16.831933353612932
13.356456581604018
16.715436769264322
14.060103611690788
13.714487737340583
14.615038011591327
19.24136647792213
16.87320159748651
12.485452062575959
12.521566106274067
9.819903135473488
16.468818131810885
14.328548554166558
16.904353469266375
12.802550641411436
16.909560607726945
12.03101998171567
15.624520822690513
17.982958426456403
17.509219206595482
14.189862243347214
16.02135325889995
18.006253542574257
13.023759345450326
11.30109187472836
19.09470793435551
10.955888336804689
15.723150194322429
13.587939988359114
16.518343726384078
12.410525043913454
17.18276080829536
17.595025486521777
14.428251681602877
16.100290624646444
11.758631280642682
14.355433712330516
15.245459818753131
11.450056692469735
15.5518528126166
14.08364099644944
15.09078660138215
12.843769067071271
16.01736869579775
16.864502237660012
13.956741087326868
14.734936440621444
17.327864307368667
15.910315333806995
14.416585170917028
16.980657200622943
12.663680189946708
11.815648425228256
12.111465670586936
15.581177235325399
16.452047046802946
15.30868110082142
14.30394916116173
14.004873896527464
17.52675605930349
10.728674997221026
13.208292352595908
13.126550253881323
14.68781795407792
13.835088383846934
13.122056541294505
14.875099899860569
15.72900993087966
15.14987838983625
10.239790568359862
14.58990793871954
13.026808324361612
16.8400677755402
15.256447890021665
13.463635506998404
19.0849199932526
17.622402687941538
17.5726320288629
12.397461684357896
10.594182057982922
13.384096946194614
12.668188260433041
13.762849918570168
15.23925510039569
11.596373973098192
19.05681710887802
13.62127032733981
17.76011735609439
16.464586614591752
16.955405673287707
18.609276346810493
16.112779482555254
11.908323174027732
15.42939252962337
12.93195958301741
19.638344996001262
17.399843212756117
12.067603040718915
12.196063035154426
12.609449936052481
14.502429133707881
13.874667994287229
14.623252179142865
17.942022949775303
10.754263606201356
20.506755826048817
17.137349873460565
11.982736550288246
12.090025085738
14.361346082732842
19.822868013489536
12.673682595230197
16.867404027703543
13.740086866646692
16.602453121037865
13.669509438078002
14.860273907835474
14.25652985712187
13.693200805812356
14.279192068192998
10.667954465507401
13.781733543942083
14.165425586096665
16.9265229099266
12.873539947085364
13.66726851806719
18.578780397937706
17.714597630400387
15.952802616619529
10.550537222264518
14.159167603753193
16.81078497163003
11.2793133501341
17.45909353097541
17.629918938284213
16.560610658761956
18.180706499660037
16.085452925355497
19.662100186766548
15.878119274774766
15.966027834997135
17.37289631766795
15.05649170675852
23.586923688371208
14.374390498272568
14.929330787551141
11.389304012830607
15.821812755441961
17.31954165723588
15.591493117160457
17.82910303367808
14.671915613095123
13.30101126040799
16.92282955190531
15.49622475149097
14.060342969675379
15.189203971282147
19.20785228139245
11.942789607030457
15.468035146653175
15.027420195545098
16.33621406067777
14.510887413320027
13.577712368959132
18.861781678645933
17.291474955751113
14.120910358918934
15.740879239744821
15.501341517563976
15.364310642067311
16.125671174158597
16.247652214696437
15.468486788364492
19.879236666074945
15.40860593111354
12.853744635996911
15.438505583900607
16.934445686307978
16.788081237683162
11.816072887014533
15.06316233850604
14.708980344724921
14.514705468065294
10.709971589277668
16.950863503824163
15.679181434168214
17.469282241805942
14.519143155380272
18.090092859890344
13.825940527434735
15.21639797488847
11.629329802146051
15.844168250919866
16.88754259312394
14.385799793940047
11.49461612555822
14.893613564406145
13.300459708821254
13.883535272326279
12.542617137702443
11.50504007477502
15.321641667340218
13.53805536074593
17.822489623780655
17.223521652385262
14.244640746477234
17.924246097177324
15.12521210270499
13.261708945309458
14.584604990006284
10.605817607034385
15.603037207478504
14.799893800989492
16.61003924579039
15.343887369075588
15.854677203715028
11.795675085227364
14.20457522727473
14.70968312157654
14.436169433398991
14.737608872655631
10.70429786852375
17.89629211287753
12.981458649740489
15.12714067285571
13.951024732957748
15.921197766571595
17.414412483526213
17.170121685280254
14.715189484378449
14.089396722404754
11.531050380233951
17.065398739532455
13.510508855359067
18.05935692427196
11.753486911194182
12.338952858634773
12.463424396785783
11.50420846788407
14.180167776780014
16.282074888888776
14.410592398542414
14.269189901112613
11.928573080242973
11.682497472989496
14.976013615930942
11.774375635511484
14.00306018657168
11.675993055665204
12.229429107213775
18.326525892059994
13.91367165867814
16.83379899333599
15.3160998013798
16.07498807640795
13.506229787384395
16.113477862130544
11.986344267203943
15.031563556333861
12.413547474662401
16.17116216713987
17.289748094931262
14.729850912220872
17.26877608511459
14.753741876340156
16.016528559619633
15.075354784403421
14.810753324023258
16.112158732141875
15.095751033005012
15.267554076825032
14.732202283959
13.729048957559922
15.828621614316802
10.467407763266408
13.074333830879146
10.415795925095445
7.341114495148329
21.281302939053596
16.119218324285896
19.28208193866276
16.163384106339723
16.182759479680804
13.142562593803959
15.976899073955494
15.199887080055884
14.561998879333027
11.892664431252552
12.23463771846908
17.13671572649548
16.451231602462087
15.987644358931636
17.01410887616494
14.828217993246025
13.669548856484324
16.710135198013653
14.313712029865279
15.287622886195187
18.64690628717147
14.852028651923955
13.789898412545693
15.250174450294086
9.494954373435931
14.382043193864488
16.393373720945583
12.54164419010202
21.03946246429799
14.89730024264809
19.901943825787168
11.903634095528247
20.065787529180934
12.090924247069687
15.930660576078036
16.23064162198861
14.553003631760571
14.43320396833045
18.940233207606184
18.73800380968374
20.625183624116744
14.00810007613774
14.001677045849627
16.429465684198206
11.9314318254308
15.423319137311342
17.581820494129477
13.426867988857458
11.709614332236011
16.58640395513872
18.485844229348906
20.832829803260452
13.47489975297037
15.486978059955758
14.878004906464962
13.470200436835631
16.28330347028382
14.759885793477627
17.904677653751527
14.685818643476445
14.295061845518926
11.915071854394096
16.892355003906502
16.963314148596112
17.90564596040585
10.854364612035441
13.630527740563643
14.887492517700542
17.547042650470942
16.452835087357496
14.26235835260468
15.025981147589967
14.439191098524526
16.828116982771377
14.119153200125748
19.030383130242512
13.722824951601194
11.344785339755495
14.071793017260681
20.230205175165842
11.323456288011531
15.148146384787642
15.186568146796503
12.897547754841687
16.9717246300778
13.09599431905899
14.215256304959441
19.811654899551773
14.270432114347361
16.71626621967023
12.49842342506081
14.270716535014536
14.381947518806403
19.96380332286184
15.97016690971747
16.587234713689355
16.392757228363596
12.577901936009352
13.540148820898485
14.577256039142195
15.185193779071767
13.915111602362682
14.916426362595764
13.682929201397112
9.932137824670711
15.637979594181324
11.142463412515934
12.675760458297995
16.01647112208713
13.808177719069006
12.132034772584415
15.744696056421548
14.740895773128852
11.003357575503479
16.13744049505388
17.67805673648491
15.595622430428646
10.778769624213993
16.13151321888855
16.128912101982948
13.805828278898485
11.576244060231417
17.4897074413225
12.482130169600188
17.190475179200288
17.30954885268295
16.20008353595355
15.588108915662025
13.863651227027416
13.059053265620896
12.175539244143676
16.539118108817036
11.886104344718277
13.977118113879342
15.099609965627792
19.428819981545086
13.473533137725045
17.89038093742703
13.57891995191315
14.83993951618978
14.029159062397829
12.975908799993046
15.860913645293909
14.11170995023152
12.84005537896812
13.71597035737249
17.37009319523349
16.63960500505264
12.944363857566215
17.683888518573507
11.99562183487089
16.602412571439494
16.386301588595163
14.40146075944881
13.020163295961408
14.489568332942085
16.302126387467467
15.185868752456972
17.6110529268964
15.2247914234214
14.722567212833795
14.705847260227483
13.852714155118244
18.395119188596176
15.81914287568259
14.981196529965217
17.47242878760291
17.507490843308474
16.004765270051205
11.837694743083706
20.473700651926897
15.903349561031295
13.985244182345252
15.050890096485503
16.47174230829033
13.69770936794334
13.822701383736447
12.102899941146152
16.170639296613253
17.503422530140096
17.680166878148608
15.482084751147656
12.81627175118606
10.960693114949818
15.607856379053601
14.34181025287581
19.379833086659232
15.05884646603626
12.182329023481325
14.504801254819546
11.828870611013421
15.849282079332824
14.872030864167039
17.816593364284316
10.433712196008164
14.130365288672131
19.28963991524344
18.538613148016534
15.976129712717768
16.805126061614704
18.517394299069437
17.54445824011802
18.15965350909162
13.177631146344304
15.638990151058325
12.13232104588397
15.039043520059854
12.089337139954209
13.875449117336732
15.007482774334349
15.782880428393398
15.297670008747419
13.390827451232354
15.634126531117651
13.334250314525544
14.128937036241458
10.69434257213941
15.226250630898864
19.493351310767515
13.63359348417713
12.571599723541711
12.995078881460651
14.745398351329126
15.082551228618614
14.268489632004266
15.685619314619325
15.625609236149703
15.568898328124378
11.01772415688092
13.787600972448583
12.705182723777249
14.183411979142557
12.56656382008896
17.5705181129704
19.954173787404553
15.453384129918105
17.84992372021967
11.458720410504897
15.552774576349762
17.269595478279566
12.629829256662934
19.90003576623041
11.927642898312971
15.227829227663188
17.069176500750025
17.195536029650068
17.2575966793785
12.17239475376746
12.839301359233083
15.542297712500675
20.075072827310187
19.814316511133118
16.838860129915663
16.24306170988164
15.902477896113584
11.572214524715246
16.66717896902742
14.956095206981688
13.986462831278544
14.8126043604059
13.280090067489585
13.498519680769046
11.55518593556996
20.51422807558115
15.255527780822371
14.764480019389744
17.235013879073
19.565860247310464
12.129620418697238
15.533614156514524
17.667689315900784
18.32606792303441
14.962537454511002
14.92489520159709
13.722750084361747
15.004105983832376
15.940250085577595
13.814600285125318
12.818693412428795
16.979853467996367
9.807862924614717
14.51493511581143
14.721727162816975
16.903217052037437
14.56645120790669
11.443977562123209
15.647912962522694
16.161094997218466
13.079711011003676
19.865014856166084
15.148906382436152
14.316054638512652
10.659586061540256
21.09204182499483
18.91537740699265
16.53590522274304
14.30059737799456
18.165464468345927
13.961837280439092
17.58832388015897
23.46193112148844
11.22580531941033
13.089883731287792
19.11156104237232
17.089181988596252
16.160858729766268
16.223834324765217
20.077467606990215
16.42355622918105
14.962789026783126
15.742151180711891
13.082047454375232
15.285489477907518
14.15391459414459
10.629393122078124
13.958552615654726
13.884489145850436
14.1295101755978
12.184113732911525
12.626989960315582
15.417107746508936
10.23020401818612
18.816913538497978
14.505718943862739
12.645728553113111
12.540444055207436
12.839802717727055
15.293494583792226
13.839352253533733
20.158118225822076
17.768523180274883
13.439967717046121
13.594392429729186
16.294670901350607
13.97341972433921
17.369870817056174
14.628408640315875
16.117080822306647
16.01430873461145
14.872266029156068
14.94486697176409
14.388493723513655
16.890970712871606
13.328995312940073
19.12520310271195
17.53066284313415
15.947128146693053
10.372984778631213
16.02377230370212
14.1578930298216
16.14764788199282
13.110269994239562
19.17761358397548
17.296957531164917
13.48021264147333
14.877414812412137
18.265211845117054
21.13269362956233
15.502584207696064
15.523447452019482
14.725144783580458
21.02866260087054
16.63475044183761
19.949994914939047
16.93413065664313
11.226724246735959
16.45952892228276
12.976367077837988
16.362987615048045
16.46026958256357
13.968069027014414
16.338276969903138
20.643031770362338
13.737488458078024
12.354734529576035
16.96219752141343
15.417894273613562
13.244425985126682
14.038073149339354
18.07593309276915
17.460880147958584
16.304013091260895
13.708654827240052
15.177742295946462
19.85337178088526
12.892315419423582
13.231592081672455
16.93958123966899
13.507793099919922
14.708147866484463
16.759020013216748
15.656982420969058
12.273964812421973
11.51833822045409
11.445264640392253
15.974214503996986
14.68265018331464
16.62571060410019
16.64437999389935
17.115829363140598
14.744986292806427
11.754498474876968
13.333879806949726
12.101111145032966
10.49315302827412
13.716708556640203
18.005146104905428
15.137940868104842
12.63143559353486
14.114758606980295
17.82059467554136
15.230323819669813
11.738881268041958
15.851755012060424
13.96862970734321
12.570724829676012
13.668385250761988
16.6789396129358
16.80532832714707
15.33813926706859
13.241241563574446
19.53993801737934
13.37758673906049
15.066539801415225
15.044613904223386
15.457049767752318
14.921730062908427
15.428624899493233
17.308422033451908
15.365239192139256
12.87273990677624
14.891525945358865
11.736928636037526
14.281687332551037
14.812313302314832
15.116707013526282
14.621883605696151
12.9914168757332
14.456420372836929
16.42068330763799
15.27172383108643
13.371840879462564
13.667543820041029
13.618787908565292
11.876102763019052
21.521415986743435
14.779946258377974
12.90725059820523
16.783907536311048
11.076370847565801
14.19133455058158
14.688787577070519
11.708228655002056
14.777681298803198
15.854277935370593
14.89693398682316
15.02361281294837
18.75926265349102
13.569555620667021
13.83093691441257
16.301443267628887
8.788807334305071
11.26775669048789
17.496100324970524
14.504884203637554
18.95494738367212
17.477321943244746
17.397651125848704
17.001494026413788
15.983655028553015
13.233911893614344
16.021142837601563
13.208206806070352
19.798578086674368
15.559209233431325
12.860524051275375
9.685951692709661
21.97862226492581
14.784254130584385
15.16514159789119
14.951175187623049
15.02742773315547
13.465462722877227
13.625135974473965
14.453158752364768
13.630839926116927
16.770143064474215
17.107773337999316
13.478693879593651
14.794375654987908
14.694631372250733
16.96387873696195
11.711522068724559
13.467446890078143
17.69243327746832
15.010459171391377
13.808356417471643
12.696060604657841
13.7112343668376
16.47393714542627
16.286715900416826
15.871177582392871
17.00083749366099
13.653216150998414
13.352123634897556
16.514738133717238
16.992710330649537
16.094600906562523
11.62282420552599
18.412027080869798
14.626563268739295
15.670697592241133
14.242334775091576
14.246046439595464
15.864188210527466
14.376744039741245
15.868428096842997
13.826826542784707
16.757361568167788
13.645687108090963
11.435395071411689
10.999236226253169
15.59413769373511
16.258585882675977
14.311188393456371
14.470832921704899
13.062959460558849
15.172100175376642
16.196062944364222
15.775333031104422
19.21944460457176
15.268937113867224
10.550242683795206
16.396087329551435
13.115878451169811
15.925316904048044
15.509550775372645
15.10708431983902
12.564649791855052
10.942697938027965
13.486219996657173
15.414099015910637
15.544005586646774
13.783962244415894
14.2114018390965
14.279334084451868
13.224781877649612
16.168763671143836
16.210989348356733
20.427125487111493
14.8180190274938
10.236425589043844
15.912367561700048
17.05737448940524
18.299241091082294
12.157262210581933
20.47062116169327
15.57836324973524
15.054760848437228
14.32997500779277
20.877475454873068
15.506745787170024
12.80687470232921
15.531559065418461
13.44864436567599
17.036929753308062
15.623842907008154
18.96414906668664
16.848515438131205
15.023229775004827
14.81593479426551
13.05216404078659
13.081052671167408
16.447713935795967
13.500814579495852
12.909433226081074
16.031407263297773
18.52498886322085
12.932983286558372
16.422963189215857
16.19530254555578
12.781562861265108
16.48006224475594
13.46161298158224
15.665301649141627
16.96662909294975
16.355570905377583
12.678416758325675
12.246384585078303
17.275183371634842
11.244629859945313
14.243326661779907
19.23545204166463
15.441106839606302
18.820964901827672
12.333570675209875
17.426686748106796
12.191514101972377
12.909348709337454
14.968496676488192
13.251979790420185
17.201911886052407
12.06015767656062
17.047223187196792
17.08014244554913
19.286533617700584
14.649379636230426
16.943193986287447
14.622760062353237
17.729266817658612
10.929839598382173
18.403410429756885
18.358514840309425
13.153435413344564
10.847069951613229
19.10292794122409
14.955317831401477
17.821504670113434
16.171840144886357
15.49177603180624
14.72762240853438
15.260795331118636
13.032024996720446
13.550445905177018
15.649756069077956
15.525641497775133
15.229469465436384
20.024424333852764
9.841877659566162
14.03636459452702
14.493823520388986
16.634092909680945
14.592370249623453
19.915512939760813
16.174020522252814
16.722347034625425
15.298326919534189
16.164824292630936
17.519777159489898
15.74439498349909
17.214015561143125
9.183286549129592
13.530582954919838
17.811154862671202
19.731792171157267
13.101713318442465
15.177562473732383
18.989751418582866
13.086359294076882
13.316393426865531
13.178984346975103
20.163608558455678
20.517601644408373
15.267817457958655
17.499723262446846
13.290311778908062
15.031593411006535
16.470507321888853
17.59162079048687
11.52185880997582
14.711582908257498
10.69263638072912
13.016965579364717
12.907473275260298
10.023397088038537
16.17025003574607
17.534674219080056
18.100494713439677
16.010010417041293
15.106396217024143
14.864964485424172
18.715952805143548
14.442150209357854
15.535746746243921
10.401510866828467
17.438919104000814
17.702165400697417
15.719325145566966
20.937993985952843
15.446538779227899
15.477503936694152
14.259988515060169
13.629532300637814
15.84540488721871
13.55637280666738
15.296949973992204
12.026164574181609
15.443452225039708
14.9375249231164
7.800890958487642
14.118024285168008
17.75670822161617
11.298221089793074
17.883372736730156
12.968498301007102
14.347143356195708
15.181312633991102
15.209858587106513
14.404514234811996
15.7201532474976
13.606815960425642
12.964602153088054
13.767135239607963
16.241180566834124
16.08138609168419
10.996980700878868
16.420121313287222
14.359653829704069
17.578769189491354
13.643653685192076
16.638139674153756
14.314701866489411
13.99290799854568
13.725994203927234
15.643107023708207
18.74244406025953
13.599158599120058
13.98850192430827
13.441843694318807
15.478144415423278
13.000402949115667
17.663578229851286
16.265852543787894
13.97144169219322
11.674997844573562
14.292599697013333
11.668756776438645
14.287079874904148
13.67354104313748
13.884846417750733
11.081390919590255
14.073337673181259
15.824242028785324
14.761631438259894
14.126215994678592
12.92803470598865
10.947215365198318
14.512427010774573
13.736718039428633
21.193848015444274
15.421547717063193
17.907991621617832
19.851709740997208
15.085600237541838
17.08453062708397
17.527343854067922
18.205515585977132
16.702409380589067
13.053399986971803
16.961284362492556
13.651443036506155
14.02932667818773
20.343770838984966
15.009258429452096
15.245831192727115
17.562427724803122
12.822660692892299
17.120600771781472
10.290087452800837
11.629857226136656
15.327137535233298
16.237161115331457
12.276618322625325
17.66836736281359
13.052124129944557
15.953424733169514
15.097588781754068
13.045260083359086
17.066542751855643
17.635566935370704
12.706899685845086
16.365172855698113
14.591078610959151
15.270724554572313
13.178415638089106
12.884832921459555
12.863223907402388
15.74816236068213
17.527642966033536
16.927627502263114
13.62691153116733
15.150071376811532
13.376803136479936
11.748667107226316
14.433986683639933
15.113502432005568
15.387500734735248
18.081015017791003
11.20713527109799
16.619495313822362
14.209676423000035
16.522382246365392
18.38042262932751
13.22960237789708
16.295056585107925
15.13038762103836
12.652520534502427
17.037139227462195
17.967587400729
21.01942621702132
16.96688409472616
15.835234816638444
13.654214717225589
15.423648907988856
14.757903734912606
15.174866253098646
17.832447639318012
15.934742652560184
11.3913950513739
11.888067859813745
14.613424732261455
13.273510184729636
15.516234725288168
13.372374678146844
15.296813550437335
12.216894641718712
14.432348489879077
16.471590549694817
11.689087238230089
13.530283256083475
14.336772737555709
14.648326555701745
21.47671877039251
13.570954190451054
15.347427798230918
17.514048291076605
17.158673257345065
16.338929138677724
15.865173864450334
17.085344423537528
15.07405719167734
13.769817822470236
13.870593683842184
10.414114922942158
17.92465324705592
14.605872910260064
16.635116816682793
16.96587723100119
15.625196933725793
11.791744992016483
14.830913704887429
13.842952048695123
18.075388325152893
14.76480143474792
12.21923895609089
12.086406777876144
13.091631303644585
14.40740982681869
17.761814443593416
16.976803400653807
14.838547650867408
14.009824023341896
13.302215831954797
